#pragma once

const int32_t fir64_q31[64] = {
       337511,
       697313,
      1036858,
      1143023,
       780816,
      -211179,
     -1813893,
     -3748459,
     -5466163,
     -6236930,
     -5338703,
     -2314615,
      2768903,
      9149822,
     15366983,
     19476454,
     19483488,
     13919109,
      2431035,
    -13774102,
    -31791997,
    -47286449,
    -55170113,
    -50603205,
    -30116554,
      7392792,
     60044915,
    122926484,
    188676033,
    248630594,
    294323298,
    319028757,
    319028757,
    294323298,
    248630594,
    188676033,
    122926484,
     60044915,
      7392792,
    -30116554,
    -50603205,
    -55170113,
    -47286449,
    -31791997,
    -13774102,
      2431035,
     13919109,
     19483488,
     19476454,
     15366983,
      9149822,
      2768903,
     -2314615,
     -5338703,
     -6236930,
     -5466163,
     -3748459,
     -1813893,
      -211179,
       780816,
      1143023,
      1036858,
       697313,
       337511
};
